start=702.201000
speed=2.000000
