start=346.700000
pause=yes
volume=114.000000
audio-delay=-0.900000
fullscreen=yes
