start=1474.602867
pause=yes
volume=104.000000
audio-delay=-0.900000
fullscreen=yes
