start=77.660994
pause=yes
volume=104.000000
