start=529.279279
pause=yes
volume=110.000000
