start=1297.422422
volume=90.000000
fullscreen=yes
