start=1231.231231
volume=90.000000
