start=684.642976
pause=yes
volume=80.000000
