start=1420.795796
volume=78.000000
