start=1183.682000
volume=70.000000
