start=226.759867
pause=yes
volume=86.000000
