start=308.400000
audio-delay=-0.900000
fullscreen=yes
