start=1283.825492
volume=110.000000
sub-pos=102
