start=1157.574241
speed=2.000000
pause=yes
volume=102.000000
fullscreen=yes
