start=433.433433
pause=yes
volume=98.000000
