start=1431.598265
volume=82.000000
fullscreen=yes
