start=99.041667
volume=70.000000
