start=1345.095095
volume=130.000000
fullscreen=yes
