start=369.135433
volume=104.000000
