start=864.563700
volume=70.000000
fullscreen=yes
