start=51.480000
pause=yes
audio-delay=-0.900000
