start=232.913649
speed=2.000000
pause=yes
