start=1166.205506
volume=108.000000
fullscreen=yes
