start=269.600000
pause=yes
volume=112.000000
audio-delay=-0.900000
fullscreen=yes
aid=1
