start=244.535956
speed=4.000000
pause=yes
volume=84.000000
