start=56.681682
pause=yes
volume=108.000000
