start=1074.323250
volume=130.000000
