start=863.523031
speed=1.000000
pause=yes
volume=106.000000
fullscreen=yes
