start=87.966667
audio-delay=-0.800000
