start=1401.735068
pause=yes
volume=90.000000
