start=1419.419419
volume=82.000000
fullscreen=yes
