start=64.439439
volume=80.000000
fullscreen=yes
