start=336.879964
speed=2.143589
pause=yes
volume=110.000000
