start=1423.882216
volume=86.000000
sub-visibility=no
