start=258.717050
volume=104.000000
fullscreen=yes
