start=1320.362029
volume=98.000000
fullscreen=yes
