start=49.315933
volume=64.000000
fullscreen=yes
