start=5532.496012
speed=1.948717
volume=110.000000
