start=3432.551025
speed=2.357948
pause=yes
volume=104.000000
sub-pos=102
