start=109.864407
volume=82.000000
fullscreen=yes
panscan=0.100000
