start=12.779444
volume=92.000000
fullscreen=yes
