start=475.433333
pause=yes
volume=94.000000
fullscreen=yes
ab-loop-a=37.066667
