speed=0.826446
volume=70.000000
fullscreen=yes
