start=408.825000
pause=yes
volume=94.000000
audio-delay=-0.900000
fullscreen=yes
