start=322.614281
pause=yes
volume=78.000000
