start=115.949167
volume=124.000000
fullscreen=yes
