start=2.950000
volume=80.000000
fullscreen=yes
