start=1162.290867
volume=122.000000
audio-delay=-0.900000
fullscreen=yes
