start=162.662667
volume=108.000000
fullscreen=yes
