start=36.183333
speed=1.100000
pause=yes
volume=102.000000
sid=no
