start=1180.513847
speed=2.000000
pause=yes
fullscreen=yes
contrast=-1
