start=111.000000
volume=68.000000
fullscreen=yes
