start=617.867000
speed=2.000000
