start=1444.384244
audio-delay=-0.900000
fullscreen=yes
