start=1202.243911
volume=84.000000
fullscreen=yes
