start=1308.391725
volume=130.000000
fullscreen=yes
