start=1080.538872
pause=yes
volume=110.000000
