start=74.115708
volume=92.000000
fullscreen=yes
