start=267.506500
volume=74.000000
