start=990.365365
pause=yes
volume=90.000000
