start=1414.247581
volume=96.000000
fullscreen=yes
