start=12.133333
volume=72.000000
fullscreen=yes
